881.019775,5544.456055,918.845947,5579.786133
885.636353,5766.838379,924.804077,5805.536621
887.346436,5993.332031,924.594482,6023.924316
892.934937,6219.849609,926.985962,6253.902832
891.703613,6447.347656,924.401855,6479.361328
885.874634,6675.919922,932.695801,6706.219727
5124.203125,320.295288,5160.676758,354.256958
5319.858887,426.834534,5354.477051,460.529236
5319.645996,190.873291,5356.304688,241.865784
5123.247070,999.659790,5162.737305,1040.218628
5127.106445,538.203003,5166.828613,576.063721
5131.273926,773.155701,5162.991211,805.598511
5326.031250,883.399902,5356.303711,924.030396
5322.723633,655.834656,5360.881348,695.637634
5151.668945,5508.823730,5186.533691,5546.675293
5339.545898,5394.805176,5366.453125,5433.381836
5143.927734,5738.244141,5179.986328,5773.604004
5344.654785,5621.431641,5384.948242,5659.898438
5156.974609,5286.408691,5193.150879,5319.300781
5155.864746,6182.981934,5194.374023,6220.146484
5156.908203,5960.844727,5190.712891,5995.115234
5354.301758,6075.882812,5394.143555,6114.087402
5344.974121,5848.511230,5380.440430,5889.814941
5333.365234,6301.312988,5381.267578,6331.932129
5349.442383,6754.599609,5386.013184,6793.525391
5151.795410,6418.810547,5199.811523,6444.339355
5356.661133,6527.385254,5392.473145,6561.748047
5356.791992,6980.654785,5394.105957,7022.884277
5162.273926,7313.577148,5211.012207,7363.242188
5368.144043,7206.830078,5400.447266,7245.751953
5165.801270,6869.605469,5199.963379,6901.185059
5170.533691,7096.677246,5206.439453,7133.373535
5168.421387,7782.177246,5212.050781,7823.148926
5362.017578,7439.098633,5403.052734,7475.443359
5169.594727,7551.729980,5200.881348,7595.069336
5364.174805,7669.270508,5400.598145,7705.730957
5121.566895,1233.918579,5159.964844,1258.889648
5330.309570,1340.853149,5361.942383,1375.760864
5327.533691,1110.458496,5366.953125,1147.048096
5123.246582,1455.908691,5161.988770,1492.269409
5327.113281,1555.702148,5365.812988,1583.975952
5328.448242,1789.933350,5369.126465,1821.344727
5131.581543,1682.695801,5167.086426,1717.611938
5324.780273,3132.895264,5368.727539,3167.608643
5323.256836,3598.201660,5365.945801,3627.575928
5139.943359,3254.468262,5175.612305,3286.406982
5337.697266,3361.826416,5372.270508,3403.929688
5129.098633,3486.078125,5170.707031,3522.333496
5334.171875,3815.213379,5371.076172,3850.498047
5332.333984,4046.423096,5363.368164,4089.221680
5142.090332,3934.696533,5174.244629,3969.950195
5143.124512,4154.304199,5176.889648,4191.968262
5141.414062,3702.897949,5177.350586,3746.337158
5339.312500,4272.009277,5373.420410,4308.750977
5340.706543,4493.602539,5381.303223,4534.413574
5137.882812,4376.915527,5170.213379,4414.882812
5146.280762,4603.739746,5181.674805,4646.016602
5346.185547,4722.117188,5383.799316,4741.445801
5145.204590,4837.440430,5187.041016,4865.537598
5334.248047,5180.420898,5375.039062,5218.959473
5150.576172,5057.671875,5186.531250,5097.820312
5339.064941,4941.653809,5372.018066,4973.652832
5706.095703,423.032593,5748.565918,465.856323
5516.649414,312.723816,5551.967285,352.135742
5892.649414,304.830627,5932.249512,342.531494
5510.750977,85.796402,5551.920898,124.656342
5695.972656,194.342651,5731.901367,238.424438
5887.412109,83.892738,5931.230957,123.783073
5519.530273,766.149780,5556.916016,801.883545
5708.343262,650.861206,5745.991211,684.720581
5510.555176,992.544128,5555.844727,1028.061279
5513.864746,540.866882,5553.994141,579.190430
5706.793457,881.439819,5749.374023,922.850891
5903.690918,767.342529,5947.659180,794.963257
5899.206055,531.698303,5941.318848,564.969238
5901.585938,995.847412,5938.899414,1031.429688
5889.201172,979.840881,5930.983398,1018.746765
5748.716309,5611.079590,5773.864258,5657.374512
5537.111328,5280.200684,5570.657715,5313.575684
5734.985840,5396.657227,5768.996582,5434.724121
5539.589844,5507.506836,5571.158203,5550.476562
5925.456055,5281.391602,5966.702637,5318.690918
5924.775879,5730.027344,5965.515625,5767.667480
5927.520996,5508.152344,5967.930176,5542.230957
5548.713379,5738.291016,5581.066895,5773.496582
5541.515625,5959.726074,5584.071777,5999.090332
5732.869141,5845.511230,5768.779785,5879.953613
5544.423340,6183.141113,5581.032227,6216.197754
5926.767578,6187.646484,5971.496094,6215.978516
5919.665527,5958.745605,5955.820801,5995.527344
5738.010742,6070.435547,5781.318848,6109.238281
5737.732910,6299.113281,5778.271973,6334.285156
5545.411133,6418.033691,5590.176758,6444.682129
5930.964355,6411.270020,5976.010742,6439.993164
5735.660156,6529.040527,5780.886719,6568.148926
5740.125000,6752.087891,5781.152832,6790.965820
5543.979980,6640.133301,5584.006836,6678.305664
5931.627930,6636.707520,5978.091797,6665.834961
5539.426270,6866.390625,5580.948242,6906.595703
5935.982910,6870.649902,5971.678223,6899.508789
5934.252930,7324.803711,5978.014648,7363.360352
5549.548340,7324.862305,5590.833496,7360.643066
5555.826172,7087.548340,5589.496094,7129.771973
5742.666016,7202.552246,5781.363281,7245.866211
5930.873047,7095.015137,5972.482910,7135.111816
5751.358887,6977.340332,5782.304199,7019.470215
5553.842773,7776.534668,5600.534668,7820.076660
5740.164551,7430.339355,5783.862305,7469.804688
5558.916992,7545.961426,5590.917969,7587.077148
5753.807129,7665.151855,5791.144043,7703.163574
5948.311523,7778.612305,5981.924316,7814.683594
5904.164551,1215.545410,5941.345215,1255.124390
5518.027344,1217.597412,5552.999512,1257.077148
5897.833496,1445.344482,5937.279297,1483.042969
5710.035156,1333.909668,5744.245117,1371.113525
5514.053711,1444.561890,5554.032715,1480.188232
5711.284668,1106.295654,5744.785156,1142.362183
5901.128906,1905.635864,5946.796387,1931.653320
5521.419434,1675.727783,5553.879395,1709.901367
5905.831543,1676.038452,5950.239746,1702.980347
5711.636719,1787.609619,5752.622559,1826.181641
5713.050293,2014.560181,5752.484863,2050.256104
5510.064941,1903.630249,5553.211914,1943.239746
5909.037598,2127.668213,5950.855469,2166.236572
5902.195312,2583.334961,5940.388184,2615.269043
5910.632324,2350.082520,5942.916504,2384.957031
5713.422363,2465.436523,5749.799805,2501.211914
5720.747559,2246.097656,5755.692383,2272.876953
5906.143555,2799.689697,5940.858887,2836.944336
5518.571289,3033.221680,5553.412109,3071.798584
5717.460938,2918.078125,5755.459473,2943.911377
5707.514648,2696.378174,5742.305664,2732.357666
5913.640625,3029.930664,5947.594727,3067.404297
5722.172363,3137.603027,5760.034180,3167.601074
5907.436035,3252.296875,5941.316406,3284.106445
5721.062012,3591.225586,5753.823730,3632.398926
5524.344727,3478.767822,5557.746094,3514.911133
5525.138672,3252.698975,5565.884766,3285.195068
5909.667480,3477.709229,5948.450195,3515.393066
5719.822754,3368.400391,5752.449219,3403.085205
5723.330566,3816.191406,5757.681641,3852.832275
5912.760742,4151.649414,5950.565918,4184.259766
5526.126953,4153.303711,5563.514648,4185.117676
5722.241211,4041.916016,5758.913574,4078.582275
5532.162109,3704.927979,5565.379883,3742.943604
5523.902832,3931.984863,5563.954102,3971.596680
5917.588867,3924.280762,5954.816406,3960.795166
5912.895020,3705.130859,5955.871094,3745.518799
5532.716797,4376.443848,5564.507324,4412.995605
5919.761719,4380.335938,5961.586914,4418.993164
5531.812500,4607.558594,5568.049805,4639.737793
5729.698242,4259.319336,5764.845703,4306.742676
5726.454590,4491.026855,5772.279297,4531.031250
5911.227051,4605.375488,5948.187988,4636.977051
5711.565430,4710.927734,5754.432129,4750.420898
5531.568848,4834.258301,5568.445801,4871.885742
5533.813477,5056.839355,5564.875000,5092.668945
5734.772461,5162.074707,5775.878906,5198.757812
5919.467285,4828.520020,5959.858398,4868.500000
5924.742676,5054.661621,5959.134277,5086.906738
5724.141113,4944.243652,5769.373535,4981.655273
1266.807129,5306.822754,1304.839600,5342.392090
1286.231201,5535.133301,1323.336426,5571.701172
1079.215210,5425.851562,1120.956421,5467.276855
1085.104492,5650.300781,1120.338257,5683.068848
1274.931641,5757.913574,1313.667603,5794.224609
1469.823242,5427.843262,1500.666748,5457.749512
1474.387817,5636.845703,1500.278076,5680.330078
1268.396729,6224.121094,1303.720947,6258.402344
1284.935181,5988.716797,1311.215088,6025.833008
1081.539429,6108.549316,1115.004761,6143.450195
1086.921509,5876.968750,1112.198853,5923.391602
1478.748535,5875.603516,1498.675659,5906.170410
1086.508789,6553.662598,1119.760254,6598.000000
1284.430176,6674.514160,1314.059326,6707.320801
1285.356812,6446.467773,1319.201538,6485.333496
1074.569702,6338.888672,1112.830200,6375.014648
1472.413940,6336.335449,1500.072632,6366.065918
1083.061523,6789.720703,1119.810913,6827.587402
1475.894531,6781.043457,1500.666748,6814.980957
1476.293823,6551.092285,1498.020996,6583.093750
1284.437744,6899.269531,1315.541870,6934.869141
1071.477905,7014.220703,1106.509277,7047.044434
1078.114868,7241.587402,1114.813965,7287.385254
1274.255859,7127.643555,1306.045898,7173.287109
1471.474731,7013.425781,1500.666748,7054.697754
1283.044922,7352.295410,1317.162842,7390.390625
1476.835449,7241.079102,1500.510986,7277.650879
1067.227051,7469.671875,1113.575317,7511.791992
1080.420654,7705.838867,1113.377197,7748.562988
1280.705566,7819.025391,1325.860107,7849.903809
1276.895508,7580.125977,1316.266724,7618.129883
1472.623047,7697.903320,1500.372070,7738.289062
1474.254883,7473.044922,1500.666748,7504.817383
1468.271606,3168.000000,1500.666748,3199.053223
1462.726318,3613.815674,1491.860352,3650.211182
1460.019531,3388.654053,1489.495972,3421.255371
1263.544434,3729.828125,1300.987427,3764.126709
1270.263184,4169.705078,1307.563965,4211.800293
1271.328491,3952.952393,1303.070801,3984.106445
1474.683838,4067.717285,1500.598755,4098.583008
1470.626953,3847.326416,1500.666748,3881.366943
1273.639282,4396.806152,1315.088867,4435.585938
1088.912964,4520.311523,1125.730469,4558.798828
1475.421509,4291.756348,1500.666748,4325.359863
1472.200195,4510.633789,1500.666748,4549.954590
1274.462769,4625.911133,1302.601440,4669.745117
1094.844238,4973.368164,1126.900635,5008.132812
1083.078369,5196.567383,1124.844482,5244.164551
1285.131958,5078.751465,1317.811523,5113.550781
1279.515747,4853.501953,1312.634644,4896.260254
1066.181641,4752.000000,1109.838501,4785.910156
1476.250488,5195.666016,1499.941406,5227.712891
1476.468018,4758.712402,1496.446655,4780.495117
1860.523560,5416.734375,1885.530273,5449.371094
1864.226318,5643.957031,1900.512329,5675.790039
1675.773682,5756.811523,1709.006958,5796.039062
1670.007690,5305.431152,1705.529663,5339.304199
1671.711060,5533.743652,1707.139282,5571.431152
1672.343018,5988.070312,1704.798462,6020.177246
1873.958496,6096.919434,1901.060547,6132.180664
1670.831299,6212.513184,1705.001587,6245.946777
1858.181519,5879.049805,1889.380127,5911.006836
1661.389282,6669.577637,1700.470215,6707.994141
1866.934814,6551.099609,1905.075928,6587.057129
1868.203735,6780.502930,1902.997803,6815.595215
1669.979492,6438.033691,1704.868408,6480.690918
1873.690308,6336.000000,1909.125854,6358.686523
1865.784668,7236.268555,1904.454346,7274.895996
1868.119629,7002.385742,1904.435059,7038.831055
1669.711060,6897.150879,1709.142212,6934.470703
1668.311523,7122.082520,1699.335449,7155.340820
1664.208496,7349.046387,1708.425415,7388.273926
1859.362671,7474.295410,1905.614624,7501.484375
1858.518066,7694.217285,1895.925049,7739.065918
1669.468262,7576.473633,1707.004395,7612.727539
1672.100098,7806.778809,1710.408447,7839.000488
1846.837891,2478.248047,1882.572998,2518.553955
1855.470947,2937.060303,1889.815186,2974.665771
1656.954346,2822.868408,1689.309937,2862.017822
1849.437256,2710.700195,1882.812988,2746.760742
1663.913818,3043.863525,1698.080078,3082.178955
1857.701416,3615.258301,1897.057373,3650.930664
1854.289185,3168.000000,1884.830444,3193.203613
1858.214600,3387.643311,1902.472778,3419.462891
1658.935669,3275.254150,1697.022583,3314.104736
1662.771118,3499.726318,1701.320801,3535.871338
1664.079224,4173.615723,1701.110718,4212.455078
1858.237305,4061.843018,1898.372681,4093.070801
1653.652832,3723.578369,1693.483398,3759.966797
1855.394409,3833.418457,1887.796143,3875.409180
1673.690430,4629.947266,1709.532959,4664.858398
1855.859253,4511.247070,1895.765137,4551.357422
1852.826294,4286.887207,1895.169434,4326.980957
1658.019409,4401.719727,1700.468384,4442.354492
1675.662720,4392.930664,1715.603271,4430.128418
1861.330444,5194.524414,1898.577148,5229.355957
1672.639038,4853.252441,1710.669678,4889.901855
1868.843994,4968.897949,1905.816406,5001.624023
1674.097778,5079.441406,1708.033447,5108.844238
1868.228760,4752.000000,1897.793945,4780.860352
2447.637939,5753.795898,2482.151123,5782.305176
2058.560303,5532.598145,2090.754395,5567.707520
2440.202148,5527.967285,2476.370605,5556.460938
2252.271729,5639.526855,2292.609619,5674.653320
2058.614746,5301.302734,2095.899658,5335.259766
2444.195557,5298.387207,2480.977051,5335.021484
2062.460693,5752.243652,2093.474365,5790.455566
2248.477295,5414.142090,2279.932617,5456.559570
2052.052734,6200.440430,2089.234863,6230.193848
2058.457031,5982.157227,2091.652344,6019.116699
2257.873291,5868.147949,2297.583496,5904.678223
2442.613037,6202.067383,2483.770996,6242.015625
2445.052246,5980.949219,2488.879395,6019.736816
2251.490967,6097.463379,2294.658691,6135.553711
2454.686279,6660.280273,2489.389648,6693.386719
2449.088623,6433.676758,2486.904541,6469.730469
2071.824463,6433.867676,2102.854736,6468.266113
2248.951172,6777.679688,2280.359863,6811.911133
2067.627197,6660.723145,2102.429443,6701.778809
2246.772461,6547.923340,2285.331787,6586.454590
2054.709229,7123.955566,2085.878906,7158.198242
2447.949951,7114.580078,2482.439697,7149.501465
2243.177490,7004.591309,2280.377441,7037.646973
2073.521729,6890.949707,2094.743652,6931.893066
2446.246338,6881.822754,2480.888672,6925.725098
2443.581543,7342.115723,2479.658447,7380.026855
2056.253662,7342.657715,2089.638184,7388.962402
2195.787354,7335.662109,2235.831299,7374.270020
2251.770508,7464.597656,2289.262939,7504.570312
2059.560791,7578.749512,2096.258545,7614.529785
2251.789795,7681.094238,2280.953125,7723.071777
2443.515625,7569.505859,2479.826172,7600.635742
2457.322021,7809.188965,2487.506836,7840.107910
2064.500488,7803.295898,2100.836426,7837.398926
2412.626953,1462.310059,2451.895508,1492.431885
2224.893066,2022.232056,2267.659180,2068.663086
2234.557373,1795.973999,2271.875000,1834.350586
2424.655273,1686.973267,2462.085693,1722.445557
2421.331299,1914.966675,2463.927246,1953.832642
2038.940796,2371.554443,2076.475098,2407.068115
2432.422119,2145.604004,2462.910156,2181.082764
2431.074951,2367.885010,2467.549316,2400.852539
2045.822754,2598.889648,2077.379639,2633.029785
2229.759521,2484.966797,2266.691895,2520.922363
2223.904053,2263.324219,2265.723145,2299.613770
2042.158203,2144.233643,2075.757080,2175.399902
2437.332520,2598.063721,2476.361328,2634.749512
2056.201172,2154.829834,2085.785400,2183.647949
2246.468018,2699.873047,2272.641113,2745.126221
2047.106445,2822.892090,2078.781738,2857.941895
2048.053955,3044.400146,2080.838135,3087.192383
2436.434814,3042.817627,2476.050781,3080.520508
2239.606201,2931.999756,2281.950439,2969.221191
2423.428223,2812.522217,2463.218750,2848.191406
2246.533691,3385.619385,2286.202637,3421.342529
2235.014648,3168.000000,2279.023682,3197.965088
2433.867920,3270.796387,2471.025635,3307.859863
2244.477783,3608.063965,2279.114014,3645.041992
2039.467041,3276.657959,2077.473145,3315.061035
2054.560303,3501.835938,2088.395508,3534.582764
2441.159424,3498.632568,2477.781982,3535.091553
2446.129883,4170.057129,2476.822998,4209.907227
2446.043945,3720.274170,2480.648682,3756.519531
2437.645264,3944.384033,2476.732666,3980.664551
2049.744629,3725.432373,2083.341553,3756.138428
2048.168701,3949.984619,2090.933838,3987.427002
2056.394043,4171.583496,2090.759521,4207.678223
2251.499512,3833.459961,2290.760254,3871.316895
2444.962891,4396.105957,2479.481689,4432.782227
2248.974365,4509.827148,2283.499756,4544.615723
2048.409912,4626.290039,2092.183594,4659.846680
2055.545898,4396.296875,2091.901611,4433.291016
2247.527832,4288.406738,2289.491211,4319.297363
2437.648193,4622.301270,2475.741943,4658.542969
2444.103027,4848.240723,2481.511719,4878.833008
2433.984619,5076.070312,2467.566895,5109.621094
2059.684326,5078.678711,2095.215088,5118.288574
2052.943115,4851.251465,2092.626465,4888.363281
2254.767578,4966.582520,2287.540771,4996.297852
2252.152588,5195.845703,2293.520020,5222.819824
2250.062988,4752.000000,2285.813232,4778.559570
2798.496094,1005.883850,2834.790039,1042.325562
2835.506348,5521.032715,2872.977051,5552.627441
2651.903076,5634.648926,2685.870117,5671.453125
2836.189941,5751.800293,2880.194336,5790.381836
2637.988770,5405.958984,2680.087891,5438.502441
2827.443848,6195.787109,2871.690918,6236.471680
2834.909668,5975.385742,2869.727539,6011.296387
2642.481201,6090.996094,2684.950439,6127.952148
2647.464111,5863.087891,2682.115967,5900.711914
2838.110352,6655.951172,2877.739990,6695.359863
2828.295654,6433.976074,2861.885986,6462.514160
2646.953857,6542.524902,2683.420166,6580.215820
2644.921631,6771.000977,2683.744629,6807.235840
2653.179688,6999.577148,2687.878662,7031.851074
2836.244873,6883.851562,2871.848389,6921.363770
2844.420898,7335.873047,2883.216553,7374.096680
2831.115479,7106.380371,2869.961914,7148.357422
2648.252930,7219.517578,2681.556152,7268.777344
2644.606689,7687.571777,2680.060791,7720.381836
2829.729492,7799.285156,2867.431396,7841.984863
2636.529541,7459.075684,2680.445068,7486.344238
2848.526855,7571.870605,2880.237793,7610.470215
2815.491699,1458.040283,2852.193604,1500.238159
2813.604004,1236.600830,2837.606445,1277.077515
2616.146729,1348.210449,2651.088379,1383.226807
2814.680664,1921.217651,2844.070557,1956.364624
2803.528076,1694.897583,2847.113281,1722.110107
2627.972168,1804.044556,2658.489746,1835.342896
2617.633301,1584.000000,2650.449463,1613.536011
2618.866455,2023.135010,2659.996826,2066.892822
2805.839355,2369.571777,2844.824951,2410.450928
2627.166992,2478.185059,2666.623535,2513.142822
2818.472656,2144.840820,2852.346191,2179.113770
2624.388184,2253.948486,2656.636230,2295.554688
2818.808838,2593.163086,2855.083496,2636.895752
2827.600098,3040.482422,2860.970459,3077.351074
2814.397949,2816.153076,2854.606689,2849.173096
2638.594727,2927.911377,2666.794678,2973.269775
2630.299561,2711.773193,2668.870605,2746.222412
2627.600830,3168.000000,2661.176758,3201.402100
2628.175537,3382.312744,2659.099609,3427.306641
2823.812012,3496.097900,2868.016357,3524.228516
2628.909180,3605.750000,2669.173340,3641.349854
2825.468018,3273.064209,2867.586670,3299.465332
2830.170898,4169.009277,2872.085938,4208.463379
2637.268799,4054.229248,2666.898682,4096.234375
2830.766602,3722.211182,2867.983643,3758.351318
2633.735596,3826.037109,2673.475098,3863.371826
2825.873535,3943.982666,2856.304688,3980.671631
2632.816406,4510.484375,2676.186523,4550.385742
2826.774170,4620.428711,2858.411377,4659.932617
2816.347168,4401.220703,2850.943604,4430.250977
2639.087158,4274.061523,2675.797852,4313.905273
2826.779297,4849.770020,2855.978516,4883.040039
2650.038330,5184.720215,2682.488281,5218.596680
2837.440186,5072.307617,2877.436035,5104.505859
2727.100098,5166.224121,2770.356201,5207.110840
2641.208740,4960.211914,2675.404785,4997.793945
2651.515869,4752.978027,2681.194336,4770.176758
3386.472656,438.190918,3424.974609,474.981079
3195.426025,786.155151,3225.714844,821.115845
3382.552246,664.008423,3417.960693,697.515686
3005.207520,891.463623,3033.417236,923.890137
3384.372559,888.005676,3420.004395,928.019287
3180.302979,1008.485657,3220.993164,1045.260010
3216.102295,5517.066406,3252.605469,5555.693359
3222.277832,5743.665039,3260.628662,5779.955566
3414.558838,5407.927734,3446.875732,5438.684570
3025.329346,5643.676270,3065.976807,5669.851562
3031.031982,5415.267578,3072.869385,5442.829590
3422.956543,5633.941406,3457.258789,5668.984375
3223.153076,5295.624023,3258.552734,5330.957031
3036.308594,6090.355469,3073.258545,6124.677734
3421.866699,5864.971191,3453.446533,5894.159180
3213.960693,6196.587891,3249.300049,6230.987305
3227.895508,5973.409668,3265.201416,6007.865234
3015.698730,5864.840820,3053.604248,5902.340820
3420.585938,6085.664062,3459.894531,6122.856934
3404.093262,6306.086914,3454.194336,6334.780762
3026.139893,6309.034180,3074.412842,6335.144531
3231.499512,6426.981934,3266.280518,6463.822754
3033.731445,6542.426270,3068.045654,6579.883789
3227.612305,6645.490234,3261.764160,6679.025879
3021.866211,6768.744141,3062.588867,6808.420898
3422.200684,6533.757324,3462.378174,6576.469727
3424.989014,6762.090820,3459.499756,6799.464355
3416.657715,6998.320312,3462.358643,7027.143555
3035.916504,7216.491699,3065.411865,7263.441406
3034.333252,6987.398438,3072.572021,7021.341797
3225.735840,6871.371582,3269.719971,6911.433105
3224.447510,7333.071777,3264.316650,7371.180176
3430.484619,7219.875488,3465.166016,7260.884766
3225.763184,7107.347168,3267.900391,7145.545898
3034.712891,7450.125488,3069.771240,7489.129883
3030.626709,7680.388672,3073.910400,7720.233398
3232.600342,7567.642090,3275.188232,7605.508789
3233.682373,7786.677734,3271.918213,7827.078125
3419.520020,7675.077148,3457.328857,7713.793945
3421.670654,7451.783203,3466.690674,7478.703613
3377.927490,1347.252563,3412.803223,1383.125977
3002.000000,1122.410278,3030.882812,1162.510010
3196.211426,1462.051392,3228.809814,1496.650391
3199.887451,1236.845825,3232.221924,1269.058228
3388.291016,1117.979858,3421.585938,1156.350708
3002.316895,1354.004272,3024.325439,1382.543945
3009.844482,1802.257202,3045.091309,1836.759888
3385.096191,1798.462036,3430.659668,1833.915039
3392.913086,1584.000000,3420.346436,1609.239014
3002.410156,2031.194458,3024.535889,2061.069824
3196.663818,1696.581787,3233.773193,1730.816284
3392.356201,2024.300781,3424.092773,2063.237549
3194.345215,1919.736938,3218.339844,1953.302246
3002.000000,1584.000000,3025.684570,1616.816650
3406.362549,2476.335449,3443.872559,2515.090820
3008.250000,2253.402344,3045.576660,2284.429443
3197.611328,2134.180664,3236.445557,2171.095703
3400.142578,2250.607422,3430.717041,2281.352295
3194.513916,2589.993164,3240.395020,2631.083496
3201.006348,2361.856934,3240.228516,2400.341553
3014.066406,2478.166504,3048.844727,2511.267090
3017.134277,2929.172852,3056.603027,2963.681885
3394.817627,2928.529541,3435.863525,2963.242188
3008.738037,2711.094971,3050.404053,2739.075928
3203.263428,3041.629639,3243.807861,3075.901367
3207.433350,2817.446045,3239.643066,2849.578857
3399.120361,2699.729980,3437.566162,2741.096680
3008.653809,3379.134521,3037.877441,3423.495117
3207.838379,3264.371582,3241.192627,3304.491943
3401.935791,3381.418457,3442.676025,3415.842285
3406.364990,3609.026855,3437.334473,3639.711670
3210.588867,3495.132324,3243.461914,3525.177002
3018.695801,3601.718262,3058.398926,3647.922363
3021.844727,3168.000000,3052.551025,3195.673828
3397.846924,3168.000000,3431.500732,3191.165039
3217.730469,4167.137695,3262.820557,4205.856934
3017.427246,3835.641357,3061.321289,3862.685059
3015.469727,4061.953613,3051.489502,4096.198730
3397.145752,3829.536133,3441.741699,3866.406006
3215.210205,3711.955811,3249.226318,3758.050293
3212.833984,3941.031738,3251.555176,3973.938965
3407.192871,4055.405762,3441.997314,4091.701416
3026.967773,4283.881836,3063.102295,4319.782715
3018.748047,4510.861328,3051.568115,4547.098633
3413.212891,4503.955078,3446.699707,4535.498047
3408.640381,4274.643555,3444.709961,4316.396484
3222.227051,4391.134766,3255.823242,4423.374023
3289.718262,4679.363281,3324.330811,4716.192383
3419.828857,5182.625000,3453.665283,5220.331543
3031.185547,4959.416016,3062.063477,4996.072754
3217.831787,5072.918945,3254.925781,5108.203613
3214.362793,4842.761719,3257.879639,4871.340820
3033.769043,5185.273926,3067.827637,5222.288086
3407.040039,4955.480469,3447.289551,4994.590332
3572.082275,324.477295,3606.424316,360.470398
3755.253906,440.135498,3795.378906,478.320496
3962.186768,324.869965,3998.925781,360.302765
3961.617920,90.590218,3998.675049,127.591362
3762.000000,206.534058,3804.468262,239.909454
3768.912354,666.819824,3805.328613,702.745544
3769.941895,895.022095,3809.726562,925.581787
3576.514160,773.079895,3610.376953,816.735840
3957.246826,777.791138,4002.333252,816.537109
3965.066895,1002.193054,3994.859619,1039.400757
3569.109863,552.430420,3609.646484,588.486816
3575.374268,1005.647400,3613.172852,1042.918091
3955.634277,550.565552,3998.694092,582.974365
3614.046143,5294.366211,3646.566650,5325.898438
3609.585449,5514.932617,3646.464111,5555.450195
3802.993652,5623.864258,3839.635498,5661.324707
3810.397461,5398.424316,3840.833252,5442.033691
3613.373291,5732.999512,3649.775146,5770.472656
3615.577637,6198.986816,3645.223389,6231.067383
3612.548340,5971.193848,3644.078857,6007.763672
3802.501953,6082.370117,3841.996338,6114.447266
3795.950928,5859.559082,3837.492676,5892.122559
3788.682861,6306.442871,3837.108398,6335.778809
3612.738037,6422.441406,3645.621094,6459.618652
3611.291016,6652.304199,3644.907715,6689.284180
3810.914062,6762.516602,3848.820312,6796.960449
3810.959961,6534.440918,3846.954590,6571.162598
3615.171387,6877.735840,3655.743164,6914.306641
3814.440186,6988.520020,3850.800293,7024.679199
3604.104248,7105.001465,3649.270508,7144.494629
3813.328125,7216.439941,3845.886963,7248.536621
3616.882080,7329.908203,3653.067627,7364.229980
3812.871094,7440.632812,3852.864258,7479.175781
3814.122314,7674.547363,3851.102295,7708.742188
3608.444092,7566.795410,3652.352051,7592.489258
3617.826172,7794.044922,3656.439453,7830.105469
3769.622070,1116.600342,3809.250977,1151.981323
3582.931885,1455.060791,3620.272949,1493.862549
3968.041016,1235.799072,4002.333252,1272.811401
3581.140137,1237.083862,3622.776367,1273.519043
3779.386719,1345.342407,3810.184570,1388.875610
3973.972900,1460.411377,4002.333252,1491.620972
3587.961914,1911.368896,3620.051025,1947.287598
3587.737793,1693.616577,3621.969727,1719.833374
3780.267090,1801.882446,3818.216553,1836.355957
3787.655273,2018.431274,3812.322266,2060.672607
3772.245850,1584.000000,3809.992432,1606.860352
3968.730225,1686.427734,3994.893066,1722.375244
3975.146973,1913.717285,4000.060059,1948.172485
3585.016602,2366.440186,3624.447266,2398.791260
3586.856201,2142.814453,3621.461426,2178.270020
3788.471680,2471.645508,3814.242188,2516.501953
3588.594238,2584.725342,3629.934082,2624.820312
3970.297363,2591.245605,4002.333252,2623.222168
3780.056396,2251.818848,3821.979004,2291.864502
3974.852783,2138.413574,4002.291748,2172.210938
3974.539551,2362.458984,4001.942627,2400.535156
3599.476074,2818.042969,3628.838379,2850.451660
3595.410645,3039.607178,3629.986084,3076.465088
3783.014648,2703.146729,3829.076172,2731.546875
3785.157959,2925.052002,3823.756348,2968.502686
3973.414795,3041.923096,4002.333252,3075.454834
3979.255371,2807.666016,4002.083740,2846.557373
3597.220459,3493.474609,3633.742188,3532.795410
3788.830322,3602.323730,3816.881348,3640.697754
3797.025391,3374.138916,3830.269531,3404.098145
3600.933350,3264.419922,3627.933838,3303.955811
3788.588623,3168.000000,3824.750488,3195.896484
3982.984863,3266.528564,4001.843018,3305.349121
3601.604492,4164.485352,3639.700439,4197.504883
3782.694824,4055.824463,3818.472168,4090.936035
3596.712646,3710.262939,3641.781006,3749.382568
3791.695312,3830.729980,3835.428223,3868.653076
3600.689453,3932.756104,3632.667725,3977.784668
3979.500732,3704.165283,4001.554688,3752.595703
3605.061279,4617.069336,3638.671387,4652.277832
3798.010254,4276.488281,3830.706543,4312.833984
3602.274902,4394.289551,3629.243652,4430.691895
3795.743652,4505.932129,3833.412354,4541.156738
3784.778076,4720.815918,3835.776123,4750.974121
3797.369385,4956.145996,3832.393555,4991.638184
3797.256104,5179.234863,3832.206787,5215.209473
3602.891602,5073.653809,3646.153320,5103.044922
3599.673096,4845.391602,3642.626709,4872.032227
4148.379883,428.951813,4186.670898,467.912323
4351.068359,84.026573,4389.659668,124.289009
4350.054688,317.884216,4385.724121,359.526550
4156.231934,208.241913,4194.421875,245.604523
4355.124023,1002.421509,4384.355469,1042.038940
4155.893066,664.654114,4195.575684,701.786499
4157.913086,889.160278,4194.446777,927.429932
4342.354492,549.161865,4379.000000,589.169312
4353.797363,772.676453,4391.878418,816.338806
4189.857910,5630.798340,4226.607910,5667.769531
4381.407227,5289.146973,4410.942383,5325.846191
4002.666748,5290.434082,4033.317139,5328.363770
4002.870850,5742.443848,4028.873535,5781.895020
4186.581055,5405.722656,4226.358887,5442.429688
4002.802979,5511.361328,4023.932373,5542.959961
4383.942871,5512.653320,4416.133789,5541.454590
4380.554688,5745.024414,4412.302246,5780.136230
4382.059570,6198.253418,4415.962891,6231.660156
4182.669922,6079.760254,4221.291992,6117.029785
4382.857422,5961.741211,4417.258789,6002.397461
4002.666748,5961.417969,4040.504150,6001.719238
4003.033691,6196.999023,4026.370605,6238.123047
4186.612793,5854.032715,4226.765625,5884.633301
4191.139648,6294.536133,4235.625977,6334.900879
4008.761963,6194.677734,4044.318359,6221.296387
4384.912598,6416.096191,4423.400391,6451.998047
4388.509766,6647.764648,4425.208984,6676.202637
4189.479980,6767.572266,4234.781250,6792.700684
4005.123779,6421.251953,4032.598633,6453.382324
4003.539307,6638.971680,4038.026123,6689.606934
4193.592773,6530.167480,4232.798828,6565.684570
4192.611816,6988.588379,4228.994141,7019.185059
4393.965820,7097.485352,4425.602051,7131.805664
4006.987305,6873.320312,4037.413818,6907.375488
4194.887207,7214.038086,4231.560059,7246.139648
4392.183105,6871.023438,4428.397461,6911.969727
4003.300293,7326.138672,4048.113281,7371.427734
4003.231201,7108.880371,4033.782227,7141.190430
4384.937988,7325.351074,4420.759277,7362.847168
4196.163086,7668.668457,4241.206055,7709.667969
4396.137695,7551.805664,4439.144043,7589.856445
4006.040527,7556.596191,4042.142822,7589.599609
4390.367676,7784.454102,4426.095215,7822.971680
4202.093262,7441.859863,4231.085938,7484.548340
4017.898193,7787.644043,4046.583008,7823.807129
4353.980469,1235.802246,4389.063477,1270.479126
4361.681641,1455.745605,4394.928223,1491.653076
4155.474609,1123.580811,4195.637695,1148.107178
4160.392578,1340.588013,4197.496582,1374.770508
4349.892578,1686.155029,4387.408691,1718.170654
4168.711426,2016.815186,4203.736328,2057.698975
4158.928223,1795.765869,4197.936523,1832.717896
4356.444336,1916.036377,4397.819336,1951.827148
4156.739258,1584.000000,4192.260742,1608.678833
4362.206543,2131.610107,4395.702637,2170.824707
4177.184570,2470.884277,4199.580566,2511.411133
4167.159668,2252.411133,4199.082520,2287.143799
4166.326660,2702.903564,4207.523438,2735.726318
4173.162109,2924.089600,4205.882812,2960.140625
4381.111816,3037.557373,4404.524902,3072.312256
4174.367188,3599.824219,4208.123047,3634.679932
4395.010742,3480.431641,4425.198242,3520.979248
4171.355469,3373.196045,4208.086914,3406.789062
4002.751709,3491.272217,4022.701172,3521.002441
4003.724121,3261.164551,4022.829590,3297.913574
4171.726074,3168.000000,4207.174805,3186.304932
4181.867188,4051.769775,4212.610840,4089.498779
4362.969727,3937.266602,4401.181641,3976.215820
4368.707031,3714.059814,4404.081055,3749.436035
4369.030273,4159.889160,4399.297852,4200.783203
4165.076660,3826.210205,4200.392090,3863.041992
4002.666748,4164.515625,4025.590088,4200.374512
4003.153320,3928.057129,4023.495361,3970.388916
4371.042480,4616.731445,4407.857422,4652.056152
4184.865234,4500.781250,4217.654297,4539.590332
4376.674805,4390.364258,4410.048828,4425.524902
4007.113525,4386.812500,4028.017334,4432.091797
4183.839844,4272.250488,4217.946289,4315.160156
4002.666748,4616.453125,4031.186768,4650.341309
4169.334961,4718.294434,4218.701660,4751.519531
4376.125000,5059.721680,4418.012207,5092.644531
4182.182617,4951.721191,4221.880371,4988.375488
4191.353027,5181.375488,4224.562500,5214.475098
4002.666748,5060.948242,4032.259277,5101.370117
4002.666748,4838.699219,4028.234375,4871.333496
4372.582520,4836.311523,4399.381836,4867.928711
4543.183105,204.400696,4581.628418,244.034332
4731.483887,92.646828,4780.348633,122.250175
4532.118652,431.143921,4565.642090,474.231262
4732.901367,312.468384,4767.235352,349.919922
4925.520996,420.308441,4969.855469,461.548431
4917.478027,199.729370,4953.639160,235.133453
4930.273438,658.908325,4967.140625,693.950256
4737.978516,771.729919,4777.569336,809.283020
4544.981934,663.198364,4581.825195,697.242920
4739.812500,539.506775,4779.582031,578.760986
4548.399414,882.983215,4585.774414,922.350098
4933.660156,886.363647,4963.946289,918.258789
4739.347656,1000.662231,4773.285156,1033.246216
4767.876953,5740.142090,4804.830078,5775.622070
4762.983887,5512.802246,4798.879395,5543.497070
4759.107422,5282.208008,4805.881836,5318.413574
4963.278809,5401.503906,4994.507812,5432.715820
4575.552246,5625.662109,4612.860840,5662.449219
4572.197266,5405.542969,4609.608398,5443.356445
4971.314941,5624.132812,5001.239746,5659.895996
4960.741699,5854.218750,4992.937500,5889.624023
4960.945801,6078.907227,4996.261230,6113.669434
4578.212891,6076.926758,4620.815918,6113.104004
4788.553223,5952.562500,4815.015625,5999.562988
4773.543945,6193.809570,4817.094238,6221.158203
4575.448242,5851.035156,4617.940430,5889.534180
4584.600098,6299.810547,4621.051758,6334.230957
4963.863281,6299.715820,5003.000000,6334.837402
4776.600098,6420.437012,4808.079590,6451.906250
4965.377441,6744.916016,5003.000000,6793.229980
4587.294434,6531.552734,4617.636719,6565.955078
4773.409180,6646.143555,4813.025879,6685.741211
4970.641113,6527.983887,5003.000000,6563.171387
4585.874023,6759.235840,4616.258301,6794.893066
4585.720703,6988.899414,4609.599609,7017.913086
4782.603516,7320.744141,4815.197266,7364.850586
4577.875977,7211.532715,4618.506348,7245.468262
4965.465820,6975.571289,5003.000000,7023.811523
4785.057617,6869.080078,4818.921387,6906.519531
4771.063477,7103.797363,4811.972656,7128.363281
4972.178711,7212.708984,5003.000000,7249.598145
4776.530273,7555.457520,4807.048828,7597.303223
4779.591309,7786.021973,4813.754395,7827.536133
4581.994141,7440.837402,4625.966309,7479.285645
4597.895508,7667.395020,4630.938965,7711.958496
4793.501953,7551.404297,4817.023438,7586.809570
4973.107422,7430.076660,5002.802734,7476.866699
4971.974121,7666.679199,5003.000000,7706.430664
4933.925781,1113.999756,4971.981445,1144.652710
4543.846191,1343.976807,4582.503906,1376.526001
4923.982422,1340.154297,4965.498047,1375.510254
4743.968262,1454.563232,4780.505859,1489.073486
4737.636230,1225.625732,4777.448242,1261.843262
4536.217285,1112.076172,4571.646973,1145.277710
4736.811035,1682.853516,4778.772461,1713.898071
4746.110840,1904.810303,4779.768066,1948.209595
4546.403809,1799.981567,4586.364746,1831.798584
4934.755859,1789.172119,4968.042969,1826.896973
4552.225098,1586.510376,4589.972168,1607.406128
4930.101562,1584.000000,4971.101074,1602.644531
4745.756836,2845.157959,4793.381836,2879.413574
4949.193848,3595.073242,4983.286621,3631.448730
4945.245605,3369.445801,4979.924805,3406.404297
4564.213867,3371.531006,4601.711426,3410.891846
4560.798828,3590.615723,4599.528809,3633.881592
4754.115234,3260.707764,4793.456055,3301.943604
4750.938477,3483.317871,4792.875000,3520.573730
4758.494141,4155.424316,4790.686035,4191.497070
4940.697754,4046.632080,4978.282227,4085.712402
4563.004883,4044.403320,4602.251953,4077.456787
4560.221680,3823.569336,4607.206543,3851.815186
4756.698730,3934.039551,4795.809570,3970.488281
4936.620605,3819.121338,4973.736816,3855.359863
4739.321777,3708.848877,4779.732910,3748.082764
4757.546875,4613.092285,4796.527832,4652.479004
4756.236328,4380.664062,4789.900879,4428.211426
4575.266113,4267.888184,4605.521484,4306.902832
4564.947754,4495.533691,4607.915039,4528.493652
4949.819824,4497.490234,4984.935547,4526.578613
4959.539551,4270.228027,4996.072754,4299.775391
4953.751953,4715.121094,5003.000000,4752.000000
4564.021973,4710.728027,4608.494629,4750.557617
4769.012207,5064.370605,4793.712891,5098.333984
4951.948730,5169.041992,4985.261719,5212.411621
4572.575684,5172.546875,4608.679199,5209.344727
4572.775391,4946.250000,4605.609863,4987.413574
4963.102051,4950.034668,4990.741699,4981.471680
4762.196777,4832.474121,4801.909180,4868.385254
