000002
000008
000016
000023
000026
000028
000029
000032
000035
000037
000041
000043
000046
000047
000049
000055
000059
000060
000061
000062
000064
000071
000072
000075
000076
000086
000088
000089
000090
000104
000107
000112
000114
000117
000120
000123
000126
000127
000130
000131
000133
000139
000141
000144
000146
000149
000150
000156
000158
000159
000161
000162
000163
000168
000169
000172
000179
000180
000183
000184
000186
000188
000189
000196
000199
000203
000207
000210
000214
000219
000221
000222
000225
000227
000228
000232
000233
000235
000239
000240
000242
000245
000248
000253
000254
000260
000261
000265
000266
000271
000273
000276
000278
000280
000282
000284
000286
000287
000305
000306
000310
000311
000313
000316
000318
000324
000330
000338
000348
000349
000351
000355
000366
000373
000387
000395
000398
000400
000402
000405
000410
000411
000413
000415
000419
000423
000426
000427
000428
000429
000441
000447
000449
000454
000455
000457
000459
000460
000461
000464
000469
000475
000484
000487
000491
000494
000497
000505
000506
000511
000512
000513
000515
000526
000528
000529
000530
000532
000533
